9
PP815713.1_Anopheles_pretoriensis_isolate_MOLS13_cytochrome_c_oxidase_subunit_I__COX1__gene__partial_cds__mitochondrial 0.0000000 0.6190808 0.2912950 0.8300846 0.8816846 0.6336835 0.9117601 0.7094358 1.1560980 
MF170952.1_Danio_rerio_voucher_ZMUD_055/B_cytochrome_oxidase_subunit_I__COI__gene__partial_cds__mitochondrial           0.6190808 0.0000000 0.7474236 0.5231583 0.5621150 0.3475128 0.6237055 0.4007865 1.4952365 
MG605130.1_Drosophila_melanogaster_voucher_dromel87_cytochrome_c_oxidase_subunit_1_gene__partial_cds__mitochondrial     0.2912950 0.7474236 0.0000000 0.8463633 1.1720321 0.6591831 1.0983175 0.7163678 1.2134080 
MT445415.1_Gallus_gallus_isolate_VT1638_cytochrome_c_oxidase_subunit_I__COX1__gene__partial_cds__mitochondrial          0.8300846 0.5231583 0.8463633 0.0000000 0.3588321 0.3663362 0.4116908 0.3679590 1.9053429 
KC292251.1_Homo_sapiens_cytochrome_c_oxidase_subunit_I__COX1__gene__COX1-C6128T_allele__complete_cds__mitochondrial     0.8816846 0.5621150 1.1720321 0.3588321 0.0000000 0.3894062 0.1346306 0.4130297 1.8724915 
MN228578.1_Mus_musculus_musculus_voucher_24133_cytochrome_oxidase_subunit_I__Cox1__gene__partial_cds__mitochondrial     0.6336835 0.3475128 0.6591831 0.3663362 0.3894062 0.0000000 0.4763337 0.2436016 1.4930349 
AY972718.1_Pan_troglodytes_isolate_PR00837_cytochrome_c_oxidase_subunit_I__COXI__gene__partial_cds__mitochondrial       0.9117601 0.6237055 1.0983175 0.4116908 0.1346306 0.4763337 0.0000000 0.4294490 1.7064743 
MH624134.1_Rattus_norvegicus_cytochrome_c_oxidase_subunit_1_gene__partial_cds__mitochondrial                            0.7094358 0.4007865 0.7163678 0.3679590 0.4130297 0.2436016 0.4294490 0.0000000 1.4036570 
CP006555.1_16338-16851_Saccharomyces_cerevisiae_YJM1463_mitochondrion__complete_genome                                  1.1560980 1.4952365 1.2134080 1.9053429 1.8724915 1.4930349 1.7064743 1.4036570 0.0000000 
