10
PP815713.1_Anopheles_pretoriensis_isolate_MOLS13_cytochrome_c_oxidase_subunit_I__COX1__gene__partial_cds__mitochondrial 0.0000000 1.1267558 0.5312065 0.2609329 1.0275012 0.6933186 0.7065273 0.5373553 0.7742635 0.6104801 
MF167645.1_Caenorhabditis_elegans_cytochrome_oxidase_subunit_I__COI__gene__partial_cds__mitochondrial                   1.1267558 0.0000000 1.5657750 0.9826582 1.3950366 1.9207892 1.8513822 1.6027854 1.9458364 1.5440146 
MF170952.1_Danio_rerio_voucher_ZMUD_055/B_cytochrome_oxidase_subunit_I__COI__gene__partial_cds__mitochondrial           0.5312065 1.5657750 0.0000000 0.6718417 1.3410304 0.4556592 0.4747381 0.3212821 0.5350717 0.3483975 
MG605130.1_Drosophila_melanogaster_voucher_dromel87_cytochrome_c_oxidase_subunit_1_gene__partial_cds__mitochondrial     0.2609329 0.9826582 0.6718417 0.0000000 1.1453167 0.7533212 0.9624766 0.5763121 0.9186725 0.6095797 
NC_001224.1_Saccharomyces_cerevisiae_S288c_mitochondrion__complete_genome                                               1.0275012 1.3950366 1.3410304 1.1453167 0.0000000 1.5325881 1.4795586 1.1369048 1.4512685 1.2348360 
MT445415.1_Gallus_gallus_isolate_VT1638_cytochrome_c_oxidase_subunit_I__COX1__gene__partial_cds__mitochondrial          0.6933186 1.9207892 0.4556592 0.7533212 1.5325881 0.0000000 0.3200597 0.3273784 0.3642635 0.3420069 
KC292251.1_Homo_sapiens_cytochrome_c_oxidase_subunit_I__COX1__gene__COX1-C6128T_allele__complete_cds__mitochondrial     0.7065273 1.8513822 0.4747381 0.9624766 1.4795586 0.3200597 0.0000000 0.3429687 0.1295939 0.3807078 
MN228578.1_Mus_musculus_musculus_voucher_24133_cytochrome_oxidase_subunit_I__Cox1__gene__partial_cds__mitochondrial     0.5373553 1.6027854 0.3212821 0.5763121 1.1369048 0.3273784 0.3429687 0.0000000 0.4186780 0.2314686 
AY972718.1_Pan_troglodytes_isolate_PR00837_cytochrome_c_oxidase_subunit_I__COXI__gene__partial_cds__mitochondrial       0.7742635 1.9458364 0.5350717 0.9186725 1.4512685 0.3642635 0.1295939 0.4186780 0.0000000 0.3903986 
MH624134.1_Rattus_norvegicus_cytochrome_c_oxidase_subunit_1_gene__partial_cds__mitochondrial                            0.6104801 1.5440146 0.3483975 0.6095797 1.2348360 0.3420069 0.3807078 0.2314686 0.3903986 0.0000000 
